	f_score: 0.01440950985326512
	recall: 1.0
	accuracy: 0.08855961405926947
	auroc: 0.5
