clasificador: BiLSTM
	f_score: 0.5992094861660079
	recall: 0.45484949832775917
	accuracy: 0.6086956521739131
	auroc: 0.608695652173913
clasificador: Conv
	f_score: 0.6369890732496966
	recall: 0.4682274247491639
	accuracy: 0.6488294314381271
	auroc: 0.6488294314381271
clasificador: GRU
	f_score: 0.6535577971646674
	recall: 0.5351170568561873
	accuracy: 0.6588628762541806
	auroc: 0.6588628762541806
