clasificador: BiLSTM
	f_score: 0.5959400872881232
	recall: 0.4214046822742475
	accuracy: 0.6103678929765887
	auroc: 0.6103678929765887
clasificador: Conv
	f_score: 0.6616137058363545
	recall: 0.5384615384615384
	accuracy: 0.6672240802675585
	auroc: 0.6672240802675585
clasificador: GRU
	f_score: 0.6467082787495826
	recall: 0.5117056856187291
	accuracy: 0.6538461538461539
	auroc: 0.6538461538461539
