clasificador: BiLSTM
	f_score: 0.620922423245614
	recall: 0.48494983277591974
	accuracy: 0.6287625418060201
	auroc: 0.62876254180602
clasificador: Conv
	f_score: 0.6285214543559973
	recall: 0.48494983277591974
	accuracy: 0.637123745819398
	auroc: 0.637123745819398
clasificador: GRU
	f_score: 0.6183660792539205
	recall: 0.5050167224080268
	accuracy: 0.6237458193979933
	auroc: 0.6237458193979932
