clasificador: BiLSTM
	f_score: 0.6141935483870968
	recall: 0.45484949832775917
	accuracy: 0.6254180602006689
	auroc: 0.6254180602006688
clasificador: Conv
	f_score: 0.6281136962698404
	recall: 0.49498327759197325
	accuracy: 0.6354515050167224
	auroc: 0.6354515050167225
clasificador: GRU
	f_score: 0.6250569995440036
	recall: 0.49498327759197325
	accuracy: 0.6321070234113713
	auroc: 0.6321070234113713
