clasificador: BiLSTM
	f_score: 0.6335567020498527
	recall: 0.5384615384615384
	accuracy: 0.637123745819398
	auroc: 0.6371237458193979
clasificador: Conv
	f_score: 0.6226800226800226
	recall: 0.4414715719063545
	accuracy: 0.637123745819398
	auroc: 0.6371237458193979
clasificador: GRU
	f_score: 0.5940257976917854
	recall: 0.4280936454849498
	accuracy: 0.6070234113712375
	auroc: 0.6070234113712374
