	f_score: 0.6390811943053928
	recall: 0.42474916387959866
	accuracy: 0.6588628762541806
	auroc: 0.6588628762541805
