	f_score: 0.8432663658010474
	recall: 0.8540555453375023
	accuracy: 0.8432770996205368
	auroc: 0.8433383463572683
