	f_score: 0.8485289729326534
	recall: 0.8412420528886022
	accuracy: 0.8485416476181769
	auroc: 0.8484860114728829
