	f_score: 0.8422273690051706
	recall: 0.8643805712206658
	accuracy: 0.8423170118410827
	auroc: 0.842200396833791
