clasificador: SVM
	f_score: 0.3333333333333333
	recall: 0.0
	accuracy: 0.5
clasificador: NaiveGauss
	f_score: 0.3333333333333333
	recall: 0.0
	accuracy: 0.5
clasificador: xGBoost
	f_score: 0.2857142857142857
	recall: 0.0
	accuracy: 0.4
clasificador: Decision Tree
	f_score: 0.2857142857142857
	recall: 0.0
	accuracy: 0.4
