clasificador: LSTM
	f_score: 0.8135953363252666
	recall: 0.8073386058488137
	accuracy: 0.8136058153888356
	auroc: 0.8135702030062324
