clasificador: LSTM
	f_score: 0.7883978878587121
	recall: 0.632398753894081
	accuracy: 0.7455160744500846
	auroc: 0.695850098283411
