clasificador: LSTM
	f_score: 0.8286134746395595
	recall: 0.743941767253294
	accuracy: 0.8299350827466399
	auroc: 0.8292796577850717
