clasificador: LSTM
	f_score: 0.8282394533092521
	recall: 0.7813580921172402
	accuracy: 0.8286014721345951
	auroc: 0.82881627394509
