clasificador: LSTM
	f_score: 0.7815192773463112
	recall: 0.6278879388757505
	accuracy: 0.7869976683582499
	auroc: 0.7878386288734851
