clasificador: BiLSTM
	f_score: 0.8019385753901996
	recall: 0.793159905402947
	accuracy: 0.8019476066383212
	auroc: 0.8019940532621868
clasificador: Conv
	f_score: 0.8012010023304301
	recall: 0.7277605966891032
	accuracy: 0.8022676358981392
	auroc: 0.8026614363167917
clasificador: GRU
	f_score: 0.8045922000955786
	recall: 0.7806076041477169
	accuracy: 0.8046907145796187
	auroc: 0.8048180037468063
