clasificador: BiLSTM
	f_score: 0.7828220759427911
	recall: 0.7552339340979428
	accuracy: 0.7829744433776803
	auroc: 0.7831005713476763
clasificador: Conv
	f_score: 0.8033936961610525
	recall: 0.7841798652830876
	accuracy: 0.8034563160060348
	auroc: 0.8035439603810497
clasificador: GRU
	f_score: 0.793485304688572
	recall: 0.7299290005461496
	accuracy: 0.7943126228683766
	auroc: 0.7946053563399436
