clasificador: BiLSTM
	f_score: 0.7881269420023342
	recall: 0.7308578273288492
	accuracy: 0.7888817774526835
	auroc: 0.7884395297609677
clasificador: Conv
	f_score: 0.8011005788784896
	recall: 0.7639362388279738
	accuracy: 0.8014080643686569
	auroc: 0.8011224611252653
clasificador: GRU
	f_score: 0.7915540271292435
	recall: 0.755735741269695
	accuracy: 0.7918533418670568
	auroc: 0.7915780602728114
