clasificador: BiLSTM
	f_score: 0.7921167999288034
	recall: 0.7254509018036072
	accuracy: 0.7930419676328061
	auroc: 0.7932963025904968
clasificador: Conv
	f_score: 0.8062903530128807
	recall: 0.7778283840408089
	accuracy: 0.8064368656852885
	auroc: 0.8065445150747363
clasificador: GRU
	f_score: 0.7964810564823515
	recall: 0.751503006012024
	accuracy: 0.7968821431836884
	auroc: 0.7970528980133541
