clasificador: BiLSTM
	f_score: 0.7927745998154537
	recall: 0.7379069339709399
	accuracy: 0.793443972020299
	auroc: 0.7931283919786511
clasificador: Conv
	f_score: 0.7982320124140162
	recall: 0.8083501931212066
	accuracy: 0.7982444109175696
	auroc: 0.7983018353550391
clasificador: GRU
	f_score: 0.8017266932132511
	recall: 0.7609895162773589
	accuracy: 0.8020847620353861
	auroc: 0.8018512450920389
