clasificador: SVM
	f_score: 0.8081493249930002
	recall: 0.5264797507788161
	accuracy: 0.7763113367174281
	auc: 0.6666187668093018
clasificador: NaiveGauss
	f_score: 0.8028810931657329
	recall: 0.5638629283489096
	accuracy: 0.76751269035533
	auc: 0.6780969918889574
clasificador: xGBoost
	f_score: 0.828925984585994
	recall: 0.5451713395638629
	accuracy: 0.8043993231810491
	auc: 0.6905811139732754
clasificador: Decision Tree
	f_score: 0.828925984585994
	recall: 0.5451713395638629
	accuracy: 0.8043993231810491
	auc: 0.6905811139732754
